      9.8694035
      39.475203
      88.810166
      157.86224
      246.61456
      355.04544
      483.12840
      630.83214
      798.12058
      984.95286
      1191.2833
      1417.0616
      1662.2325
      1926.7362
      2210.5080
      2513.4786
      2835.5740
      3176.7155
      3536.8198
      3915.7989
      4313.5602
      4730.0066
      5165.0363
      5618.5431
      6090.4162
      6580.5403
      7088.7956
      7615.0581
      8159.1991
      8721.0857
      9300.5807
      9897.5425
      10511.825
      11143.279
      11791.749
      12457.078
      13139.102
      13837.656
      14552.568
      15283.663
      16030.764
      16793.688
      17572.248
      18366.254
      19175.512
      19999.825
      20838.991
      21692.805
      22561.059
      23443.540
      24340.033
      25250.319
      26174.175
      27111.376
      28061.693
      29024.894
      30000.743
      30989.002
      31989.430
      33001.782
      34025.811
      35061.267
      36107.896
      37165.444
      38233.652
      39312.258
      40401.000
      41499.611
      42607.823
      43725.366
      44851.966
      45987.348
      47131.234
      48283.346
      49443.402
      50611.118
      51786.210
      52968.390
      54157.369
      55352.857
      56554.561
      57762.189
      58975.446
      60194.034
      61417.657
      62646.015
      63878.808
      65115.735
      66356.494
      67600.782
      68848.295
      70098.728
      71351.776
      72607.132
      73864.490
      75123.543
      76383.983
      77645.503
      78907.793
      80170.546
      81433.454
      82696.207
      83958.497
      85220.017
      86480.457
      87739.510
      88996.868
      90252.224
      91505.272
      92755.705
      94003.218
      95247.506
      96488.265
      97725.192
      98957.985
      100186.34
      101409.97
      102628.55
      103841.81
      105049.44
      106251.14
      107446.63
      108635.61
      109817.79
      110992.88
      112160.60
      113320.65
      114472.77
      115616.65
      116752.03
      117878.63
      118996.18
      120104.39
      121203.00
      122291.74
      123370.35
      124438.56
      125496.10
      126542.73
      127578.19
      128602.22
      129614.57
      130615.00
      131603.26
      132579.11
      133542.31
      134492.62
      135429.83
      136353.68
      137263.97
      138160.46
      139042.94
      139911.19
      140765.01
      141604.17
      142428.49
      143237.75
      144031.75
      144810.31
      145573.24
      146320.34
      147051.43
      147766.34
      148464.90
      149146.92
      149812.25
      150460.72
      151092.17
      151706.46
      152303.42
      152882.91
      153444.80
      153988.94
      154515.20
      155023.46
      155513.58
      155985.46
      156438.96
      156873.99
      157290.44
      157688.20
      158067.18
      158427.28
      158768.43
      159090.52
      159393.49
      159677.26
      159941.77
      160186.94
      160412.72
      160619.05
      160805.88
      160973.17
      161120.87
      161248.95
      161357.39
      161446.14
      161515.19
      161564.52
      161594.13
