     0.31163431
     0.68181280
      1.2229502
      1.9473265
      2.8605734
      3.9654442
      5.2633277
      6.7549017
      8.4404373
      10.319950
      12.393279
      14.660137
      17.120133
      19.772790
      22.617558
      25.653822
      28.880901
      32.298062
      35.904511
      39.699406
      43.681850
      47.850896
      52.205551
      56.744770
      61.467461
      66.372488
      71.458665
      76.724763
      82.169506
      87.791574
      93.589603
      99.562184
      105.70787
      112.02515
      118.51251
      125.16836
      131.99108
      138.97900
      146.13043
      153.44362
      160.91680
      168.54813
      176.33575
      184.27778
      192.37226
      200.61723
      209.01068
      217.55055
      226.23476
      235.06120
      244.02771
      253.13209
      262.37214
      271.74558
      281.25015
      290.88350
      300.64330
      310.52716
      320.53266
      330.65737
      340.89881
      351.25448
      361.72185
      372.29836
      382.98144
      393.76848
      404.65683
      415.64385
      426.72684
      437.90311
      449.16991
      460.52451
      471.96412
      483.48596
      495.08721
      506.76503
      518.51657
      530.33897
      542.22933
      554.18476
      566.20232
      578.27909
      590.41212
      602.59844
      614.83508
      627.11904
      639.44733
      651.81693
      664.22483
      676.66799
      689.14337
      701.64793
      714.17861
      726.73235
      739.30608
      751.89674
      764.50124
      777.11651
      789.73947
      802.36703
      814.99611
      827.62362
      840.24647
      852.86160
      865.46590
      878.05631
      890.62974
      903.18313
      915.71341
      928.21752
      940.69240
      953.13501
      965.54230
      977.91125
      990.23883
      1002.5220
      1014.7579
      1026.9433
      1039.0754
      1051.1512
      1063.1678
      1075.1221
      1087.0113
      1098.8325
      1110.5828
      1122.2593
      1133.8592
      1145.3796
      1156.8178
      1168.1708
      1179.4360
      1190.6106
      1201.6919
      1212.6771
      1223.5636
      1234.3487
      1245.0298
      1255.6042
      1266.0694
      1276.4229
      1286.6621
      1296.7844
      1306.7875
      1316.6688
      1326.4260
      1336.0567
      1345.5585
      1354.9291
      1364.1662
      1373.2675
      1382.2309
      1391.0541
      1399.7350
      1408.2714
      1416.6613
      1424.9026
      1432.9933
      1440.9315
      1448.7151
      1456.3422
      1463.8111
      1471.1199
      1478.2667
      1485.2499
      1492.0677
      1498.7185
      1505.2006
      1511.5124
      1517.6524
      1523.6192
      1529.4111
      1535.0268
      1540.4650
      1545.7242
      1550.8033
      1555.7008
      1560.4157
      1564.9468
      1569.2928
      1573.4529
      1577.4258
      1581.2107
      1584.8066
      1588.2125
      1591.4277
      1594.4512
      1597.2823
      1599.9202
      1602.3642
      1604.6136
      1606.6678
      1608.5261
      1610.1877
      1611.6521
      1612.9185
      1613.9858
      1614.8527
      1615.5170
      1615.9729
      1616.2892
