      17.428422
      36.976230
      56.620634
      76.271496
      95.897178
      115.48308
      135.02126
      154.50690
      173.93679
      193.30868
      212.62087
      231.87204
      251.06109
      270.18712
      289.24933
      308.24699
      327.17945
      346.04610
      364.84636
      383.57969
      402.24554
      420.84340
      439.37275
      457.83308
      476.22388
      494.54466
      512.79489
      530.97408
      549.08171
      567.11726
      585.08020
      602.97001
      620.78613
      638.52803
      656.19514
      673.78690
      691.30272
      708.74200
      726.10415
      743.38854
      760.59454
      777.72150
      794.76876
      811.73564
      828.62143
      845.42543
      862.14689
      878.78506
      895.33916
      911.80839
      928.19192
      944.48892
      960.69849
      976.81975
      992.85175
      1008.7935
      1024.6441
      1040.4024
      1056.0674
      1071.6380
      1087.1131
      1102.4913
      1117.7716
      1132.9526
      1148.0330
      1163.0113
      1177.8862
      1192.6560
      1207.3192
      1221.8742
      1236.3191
      1250.6521
      1264.8713
      1278.9746
      1292.9599
      1306.8249
      1320.5671
      1334.1840
      1347.6728
      1361.0306
      1374.2543
      1387.3404
      1400.2854
      1413.0852
      1425.7356
      1438.2320
      1450.5692
      1462.7415
      1474.7427
      1486.5659
      1498.2030
      1509.6451
      1520.8819
      1531.9014
      1542.6893
      1553.2285
      1563.4976
      1573.4694
      1583.1074
      1592.3591
      1601.1417
      1609.3340
      1616.9282
      1624.4350
      1632.4921
      1641.1963
      1650.4261
      1660.0867
      1670.1190
      1680.4837
      1691.1521
      1702.1026
      1713.3179
      1724.7841
      1736.4895
      1748.4242
      1760.5799
      1772.9492
      1785.5256
      1798.3036
      1811.2781
      1824.4445
      1837.7988
      1851.3372
      1865.0565
      1878.9536
      1893.0255
      1907.2699
      1921.6841
      1936.2662
      1951.0139
      1965.9254
      1980.9990
      1996.2328
      2011.6255
      2027.1755
      2042.8814
      2058.7421
      2074.7561
      2090.9225
      2107.2401
      2123.7080
      2140.3250
      2157.0904
      2174.0032
      2191.0627
      2208.2679
      2225.6183
      2243.1131
      2260.7519
      2278.5343
      2296.4607
      2314.5330
      2332.7558
      2351.1392
      2369.7027
      2388.4781
      2407.5117
      2426.8611
      2446.5869
      2466.7441
      2487.3758
      2508.5125
      2530.1742
      2552.3745
      2575.1238
      2598.4319
      2622.3089
      2646.7667
      2671.8186
      2697.4804
      2723.7700
      2750.7077
      2778.3166
      2806.6225
      2835.6541
      2865.4437
      2896.0273
      2927.4452
      2959.7426
      2992.9701
      3027.1853
      3062.4531
      3098.8479
      3136.4551
      3175.3738
      3215.7198
      3257.6303
      3301.2697
      3346.8381
      3394.5835
      3444.8205
      3497.9591
      3554.5529
      3615.3849
      3681.6350
      3755.2550
      3839.9982
      3945.5876
      13077.305
