      2.2299220
      4.1335664
      6.0717311
      8.0267742
      9.9914169
      11.962044
      13.936630
      15.914017
      17.894385
      19.884390
      21.913627
      24.047220
      26.355767
      28.876082
      31.614918
      34.568051
      37.729740
      41.095080
      44.660186
      48.421952
      52.377816
      56.525586
      60.863320
      65.389241
      70.101684
      74.999057
      80.079808
      85.342409
      90.785340
      96.407077
      102.20609
      108.18082
      114.32969
      120.65111
      127.14345
      133.80505
      140.63422
      147.62923
      154.78834
      162.10974
      169.59161
      177.23209
      185.02927
      192.98124
      201.08601
      209.34159
      217.74594
      226.29698
      234.99260
      243.83067
      252.80901
      261.92540
      271.17761
      280.56336
      290.08034
      299.72622
      309.49863
      319.39516
      329.41340
      339.55087
      349.80509
      360.17355
      370.65370
      381.24297
      391.93876
      402.73845
      413.63939
      424.63890
      435.73430
      446.92286
      458.20184
      469.56847
      481.01997
      492.55353
      504.16632
      515.85550
      527.61821
      539.45155
      551.35263
      563.31855
      575.34635
      587.43310
      599.57584
      611.77159
      624.01737
      636.31017
      648.64698
      661.02479
      673.44057
      685.89126
      698.37382
      710.88521
      723.42234
      735.98216
      748.56160
      761.15756
      773.76696
      786.38673
      799.01377
      811.64500
      824.27731
      836.90762
      849.53285
      862.14989
      874.75567
      887.34710
      899.92110
      912.47459
      925.00451
      937.50779
      949.98137
      962.42221
      974.82726
      987.19348
      999.51787
      1011.7974
      1024.0291
      1036.2099
      1048.3369
      1060.4071
      1072.4176
      1084.3654
      1096.2476
      1108.0614
      1119.8038
      1131.4719
      1143.0629
      1154.5740
      1166.0024
      1177.3453
      1188.5999
      1199.7635
      1210.8333
      1221.8066
      1232.6808
      1243.4532
      1254.1212
      1264.6822
      1275.1336
      1285.4729
      1295.6975
      1305.8049
      1315.7927
      1325.6585
      1335.3998
      1345.0143
      1354.4996
      1363.8534
      1373.0734
      1382.1574
      1391.1032
      1399.9085
      1408.5713
      1417.0894
      1425.4607
      1433.6832
      1441.7548
      1449.6737
      1457.4378
      1465.0453
      1472.4942
      1479.7828
      1486.9092
      1493.8717
      1500.6685
      1507.2980
      1513.7585
      1520.0483
      1526.1659
      1532.1097
      1537.8782
      1543.4698
      1548.8831
      1554.1166
      1559.1688
      1564.0383
      1568.7237
      1573.2234
      1577.5361
      1581.6601
      1585.5939
      1589.3357
      1592.8837
      1596.2358
      1599.3894
      1602.3418
      1605.0890
      1607.6263
      1609.9467
      1612.0401
      1613.8886
      1615.4504
      1616.6425
      1617.8215
      1619.4296
      1621.4228
      1623.8006
      1626.6350
      1630.0962
      1634.6468
