      4.0570662
      7.9059586
      11.810109
      15.739018
      19.680923
      23.630187
      27.583709
      31.539621
      35.496713
      39.454163
      43.411389
      47.367963
      51.323563
      55.277941
      59.230901
      63.182287
      67.131973
      71.079864
      75.025951
      78.970719
      82.917084
      86.876834
      90.882781
      94.994470
      99.278845
      103.78086
      108.51625
      113.48324
      118.67384
      124.07937
      129.69202
      135.50520
      141.51331
      147.71155
      154.09573
      160.66211
      167.40730
      174.32817
      181.42179
      188.68537
      196.11624
      203.71183
      211.46961
      219.38711
      227.46190
      235.69156
      244.07370
      252.60592
      261.28583
      270.11103
      279.07914
      288.18772
      297.43436
      306.81662
      316.33204
      325.97815
      335.75244
      345.65241
      355.67553
      365.81922
      376.08093
      386.45804
      396.94794
      407.54798
      418.25550
      429.06781
      439.98221
      450.99595
      462.10630
      473.31049
      484.60571
      495.98917
      507.45803
      519.00944
      530.64054
      542.34844
      554.13024
      565.98303
      577.90386
      589.88979
      601.93785
      614.04507
      626.20845
      638.42499
      650.69167
      663.00546
      675.36332
      687.76220
      700.19905
      712.67079
      725.17434
      737.70664
      750.26457
      762.84505
      775.44498
      788.06124
      800.69074
      813.33035
      825.97696
      838.62745
      851.27871
      863.92762
      876.57105
      889.20590
      901.82905
      914.43739
      927.02780
      939.59720
      952.14247
      964.66052
      977.14828
      989.60265
      1002.0206
      1014.3990
      1026.7348
      1039.0250
      1051.2666
      1063.4565
      1075.5917
      1087.6692
      1099.6861
      1111.6394
      1123.5260
      1135.3432
      1147.0879
      1158.7572
      1170.3483
      1181.8583
      1193.2843
      1204.6235
      1215.8730
      1227.0302
      1238.0922
      1249.0562
      1259.9195
      1270.6795
      1281.3333
      1291.8785
      1302.3122
      1312.6320
      1322.8351
      1332.9191
      1342.8814
      1352.7194
      1362.4307
      1372.0128
      1381.4632
      1390.7795
      1399.9594
      1409.0003
      1417.9001
      1426.6562
      1435.2665
      1443.7285
      1452.0401
      1460.1989
      1468.2028
      1476.0494
      1483.7365
      1491.2619
      1498.6233
      1505.8186
      1512.8454
      1519.7014
      1526.3843
      1532.8919
      1539.2215
      1545.3708
      1551.3371
      1557.1177
      1562.7095
      1568.1095
      1573.3143
      1578.3199
      1583.1221
      1587.7159
      1592.0954
      1596.2534
      1600.1810
      1603.8665
      1607.2936
      1610.4379
      1613.2549
      1615.6497
      1617.6864
      1619.9935
      1622.7936
      1625.9923
      1629.5480
      1633.4520
      1637.7120
      1642.3482
      1647.3938
      1652.8980
      1658.9327
      1665.6060
      1673.0907
      1681.6930
      1692.0769
      1706.7357
