      2.9992263
      6.9961303
      10.990555
      14.982498
      18.971958
      22.958931
      26.943416
      30.925410
      34.904911
      38.881916
      42.856423
      46.828430
      50.797934
      54.764933
      58.729425
      62.691407
      66.650877
      70.607841
      74.562362
      78.514913
      82.468105
      86.432637
      90.439244
      94.545879
      98.820451
      103.31060
      108.03419
      112.99030
      118.17112
      123.56785
      129.17255
      134.97848
      140.97993
      147.17202
      153.55049
      160.11154
      166.85174
      173.76791
      180.85710
      188.11649
      195.54339
      203.13520
      210.88939
      218.80347
      226.87499
      235.10154
      243.48069
      252.01005
      260.68721
      269.50979
      278.47537
      287.58152
      296.82583
      306.20584
      315.71910
      325.36312
      335.13540
      345.03344
      355.05469
      365.19658
      375.45655
      385.83199
      396.32027
      406.91875
      417.62476
      428.43562
      439.34861
      450.36100
      461.47004
      472.67296
      483.96697
      495.34926
      506.81698
      518.36730
      529.99735
      541.70424
      553.48506
      565.33691
      577.25684
      589.24190
      601.28913
      613.39555
      625.55816
      637.77396
      650.03994
      662.35306
      674.71028
      687.10855
      699.54481
      712.01600
      724.51903
      737.05082
      749.60828
      762.18832
      774.78783
      787.40370
      800.03283
      812.67211
      825.31840
      837.96861
      850.61960
      863.26827
      875.91149
      888.54615
      901.16914
      913.77733
      926.36763
      938.93692
      951.48212
      964.00012
      976.48785
      988.94221
      1001.3601
      1013.7386
      1026.0745
      1038.3648
      1050.6064
      1062.7965
      1074.9318
      1087.0095
      1099.0266
      1110.9801
      1122.8670
      1134.6843
      1146.4293
      1158.0989
      1169.6903
      1181.2006
      1192.6270
      1203.9665
      1215.2165
      1226.3740
      1237.4364
      1248.4009
      1259.2647
      1270.0251
      1280.6794
      1291.2251
      1301.6594
      1311.9796
      1322.1833
      1332.2679
      1342.2307
      1352.0694
      1361.7813
      1371.3640
      1380.8150
      1390.1320
      1399.3124
      1408.3540
      1417.2544
      1426.0112
      1434.6221
      1443.0848
      1451.3970
      1459.5564
      1467.5609
      1475.4080
      1483.0957
      1490.6217
      1497.9836
      1505.1793
      1512.2065
      1519.0628
      1525.7461
      1532.2538
      1538.5835
      1544.7327
      1550.6988
      1556.4790
      1562.0702
      1567.4694
      1572.6730
      1577.6772
      1582.4774
      1587.0686
      1591.4449
      1595.5987
      1599.5210
      1603.1995
      1606.6175
      1609.7499
      1612.5550
      1614.9861
      1617.2085
      1619.6730
      1622.5387
      1625.7720
      1629.3505
      1633.2712
      1637.5442
      1642.1911
      1647.2457
      1652.7576
      1658.7992
      1665.4787
      1672.9690
      1681.5765
      1691.9653
      1706.6270
